406 255 443 272 64 0.693126
128 198 144 214 18 0.560079
440 284 497 303 64 0.488686
471 283 492 298 64 0.394547
90 238 100 255 18 0.307436
94 258 109 269 27 0.260335
106 265 120 285 23 0.253781
105 263 122 286 24 0.252834
441 287 476 303 23 0.251342
406 255 442 272 60 0.240845
105 217 116 237 23 0.237192
105 217 116 238 24 0.230690
122 253 148 273 65 0.225918
94 245 115 266 27 0.221760
123 249 147 266 26 0.221610
93 243 114 259 23 0.209645
121 249 148 272 63 0.204418
105 263 122 287 60 0.202501
142 219 153 239 23 0.200831
96 206 110 234 23 0.198956
94 249 111 267 23 0.197137
98 230 116 241 18 0.193702
122 253 147 274 26 0.187508
441 286 483 303 53 0.182937
91 241 106 257 23 0.176315
91 243 110 257 18 0.176056
105 265 120 285 27 0.172953
125 248 148 265 65 0.172907
94 258 109 269 23 0.172763
123 253 147 273 24 0.168600
93 244 114 259 24 0.168562
124 233 142 243 24 0.167443
92 251 108 266 27 0.165101
441 286 483 303 63 0.162857
125 207 136 239 23 0.162723
141 218 152 239 27 0.162055
102 223 116 241 23 0.158802
142 219 153 239 24 0.158179
127 198 144 214 73 0.157356
98 230 116 241 24 0.155288
89 239 100 255 23 0.155101
117 250 139 267 26 0.154574
105 257 126 287 23 0.153585
139 235 156 245 18 0.151931
91 241 106 257 24 0.150118
105 217 116 238 27 0.150054
96 204 110 232 27 0.149317
405 255 443 272 63 0.149290
440 284 496 303 28 0.148218
123 233 142 243 18 0.144163
441 287 476 303 26 0.143628
441 288 475 304 60 0.143425
86 236 102 249 18 0.143321
114 218 124 236 23 0.143065
131 253 148 269 26 0.141673
405 255 444 272 23 0.140248
124 233 142 243 23 0.138432
121 249 145 266 24 0.137191
406 255 442 272 62 0.136554
120 249 148 271 64 0.135878
100 230 116 241 26 0.134907
92 244 114 261 26 0.133497
106 265 120 285 19 0.132773
93 243 114 259 19 0.131921
142 219 153 240 25 0.131823
94 258 109 269 24 0.131704
142 218 153 239 73 0.130939
445 284 491 303 60 0.130683
0 497 34 512 73 0.129272
128 198 144 215 21 0.127825
102 223 116 241 18 0.127767
125 204 138 241 60 0.127568
130 249 148 265 18 0.127341
121 249 148 272 60 0.127243
99 212 111 238 24 0.127220
105 217 116 238 25 0.126552
96 204 110 232 19 0.125723
309 338 324 351 73 0.125600
105 217 116 237 73 0.125112
90 238 100 254 24 0.123715
94 258 109 269 73 0.122104
290 332 311 357 73 0.121951
128 198 144 214 23 0.120422
114 218 124 235 18 0.119901
117 256 136 275 26 0.119085
406 255 442 272 66 0.117368
93 249 112 266 24 0.117206
124 248 147 265 23 0.117169
98 230 116 241 17 0.117038
116 251 139 273 24 0.116513
98 230 116 241 23 0.115975
131 253 148 269 65 0.115744
117 251 148 277 23 0.115462
97 250 112 269 27 0.114901
114 251 131 266 18 0.114603
106 251 128 286 24 0.113981
142 219 153 239 19 0.113519
94 258 109 269 60 0.113127
404 254 442 272 24 0.113124
94 246 115 266 73 0.112071
105 257 126 287 27 0.111944
127 196 146 226 23 0.111101
94 242 117 264 18 0.110978
124 204 139 241 64 0.110221
123 253 147 274 28 0.110218
111 252 129 272 23 0.110153
445 284 491 303 59 0.109891
445 284 491 303 32 0.109681
91 241 106 257 27 0.109515
476 276 493 296 64 0.108726
104 263 127 285 18 0.108348
94 258 109 269 19 0.107817
105 217 116 237 18 0.107739
120 249 148 271 53 0.106026
95 206 110 238 25 0.105923
117 251 137 266 23 0.104338
117 250 139 267 65 0.104046
114 218 124 235 24 0.102898
114 251 131 266 24 0.102791
106 265 120 285 28 0.102528
132 252 148 269 23 0.102365
142 219 153 239 91 0.102183
124 233 142 243 27 0.102129
88 244 100 260 18 0.102064
92 243 114 260 60 0.101460
131 253 148 269 63 0.101239
90 238 100 255 17 0.101206
123 253 147 273 62 0.101127
405 255 444 272 65 0.100959
116 254 132 269 26 0.100870
93 249 112 266 19 0.100507
124 233 142 243 19 0.100224
131 253 148 269 60 0.099567
92 251 108 266 18 0.099438
453 283 493 304 23 0.097916
405 255 444 272 53 0.097572
122 253 147 274 18 0.097339
131 254 149 269 18 0.096979
128 271 140 287 23 0.096724
128 198 144 214 17 0.096417
123 249 147 268 25 0.096389
105 257 126 287 25 0.095358
453 224 471 234 18 0.095096
86 204 157 295 83 0.095017
105 217 116 238 60 0.094971
105 265 120 285 73 0.094965
124 205 138 240 28 0.094912
92 252 108 264 23 0.094704
122 251 141 271 23 0.093958
474 282 494 297 63 0.093891
129 209 143 240 23 0.093608
98 230 116 241 21 0.093601
94 258 109 269 26 0.093084
124 233 142 243 60 0.092980
95 206 110 238 60 0.092943
123 233 142 243 26 0.092934
99 215 111 236 23 0.092604
123 233 142 243 73 0.092508
406 256 442 272 28 0.092343
463 285 493 303 64 0.091772
128 198 144 214 19 0.091705
404 254 442 272 32 0.091308
94 258 109 269 91 0.091267
117 250 139 267 60 0.089551
118 261 133 278 23 0.089484
128 198 144 214 24 0.089183
441 287 475 303 18 0.088709
94 258 109 269 18 0.088621
106 265 120 285 91 0.087647
98 230 116 241 60 0.087615
90 238 100 254 27 0.087429
110 252 133 280 26 0.087128
127 196 146 226 18 0.087033
102 248 127 277 27 0.086577
93 249 112 266 60 0.086451
106 265 120 285 25 0.086423
118 251 139 265 18 0.086389
92 251 108 266 73 0.086239
92 243 114 260 91 0.086042
124 204 139 241 24 0.086038
108 261 123 282 23 0.085907
114 218 124 235 27 0.085868
104 224 119 242 24 0.085649
88 244 100 260 23 0.085494
142 219 154 241 18 0.085251
128 271 140 286 24 0.084804
111 252 129 272 27 0.084609
404 254 442 272 59 0.084171
128 271 140 287 18 0.083777
441 287 476 303 25 0.083637
96 204 110 232 24 0.083262
121 249 148 272 59 0.083188
129 209 143 240 60 0.083158
115 255 136 282 23 0.083112
136 252 150 265 18 0.083079
128 198 144 214 20 0.082097
114 253 149 279 64 0.082092
105 254 143 284 60 0.081650
105 217 116 237 19 0.081565
128 271 140 287 73 0.081370
94 246 115 266 25 0.080353
0 488 10 511 73 0.080281
140 219 157 248 73 0.079682
94 245 115 266 47 0.079679
94 258 109 269 25 0.079571
125 248 148 265 28 0.079455
111 257 126 273 24 0.079396
124 233 142 243 21 0.079335
121 249 148 272 56 0.078947
116 251 139 273 28 0.078644
92 243 114 260 40 0.078543
124 248 148 267 62 0.078516
122 253 148 274 32 0.078083
92 244 114 261 65 0.077842
104 220 116 239 26 0.077667
115 255 136 282 24 0.077638
91 241 106 257 60 0.077508
101 207 114 234 23 0.077436
128 247 149 265 63 0.077352
94 258 109 269 40 0.076569
105 254 143 284 63 0.076483
96 205 110 235 28 0.076428
140 219 157 248 23 0.076379
463 283 493 303 63 0.076324
95 247 114 269 91 0.076307
129 209 143 240 24 0.076254
91 241 106 257 26 0.076183
105 263 122 286 65 0.076101
466 284 493 301 59 0.075956
91 241 106 257 19 0.075336
102 248 127 277 23 0.075301
116 257 134 274 18 0.075214
127 196 146 226 60 0.074552
104 254 124 269 27 0.074028
100 251 119 281 24 0.073967
105 254 143 284 28 0.073871
93 249 112 266 26 0.073737
90 238 100 255 21 0.073371
117 251 148 277 66 0.073291
105 254 143 284 26 0.073053
102 223 116 241 21 0.072989
116 254 132 270 65 0.072772
124 205 138 240 25 0.072114
99 232 117 241 65 0.071667
125 205 138 240 26 0.071614
348 436 360 453 18 0.071484
128 271 140 286 27 0.071395
405 255 444 272 26 0.070572
125 207 136 239 27 0.070554
142 219 153 239 60 0.070546
105 263 122 286 26 0.070459
440 284 496 303 66 0.070251
98 230 116 241 19 0.070199
105 257 126 287 28 0.070044
118 261 133 278 24 0.070014
141 233 156 244 24 0.069997
112 255 127 270 18 0.069975
126 242 146 252 18 0.069941
91 241 106 257 17 0.069748
129 209 143 240 27 0.069716
125 204 138 241 32 0.069693
129 247 148 267 24 0.069651
137 218 150 239 24 0.069215
441 287 476 303 24 0.069089
123 254 148 274 17 0.069025
107 259 122 279 27 0.068953
125 207 136 239 19 0.068830
127 196 146 226 24 0.068818
97 246 122 268 23 0.068681
141 233 156 244 23 0.068640
88 244 100 260 24 0.068532
291 332 311 356 71 0.068353
116 366 134 380 73 0.068294
127 248 147 265 60 0.068207
473 280 501 299 64 0.068016
115 252 136 280 65 0.067957
137 218 150 239 23 0.067669
105 254 143 284 23 0.067599
90 238 100 254 19 0.067493
105 217 116 238 28 0.067407
124 233 142 243 65 0.067085
90 238 100 254 26 0.067036
441 287 475 304 28 0.066767
90 239 111 266 23 0.066526
104 263 127 285 21 0.066501
91 243 110 257 21 0.066425
115 255 136 282 60 0.066380
441 290 473 303 17 0.066108
109 256 127 278 60 0.066065
94 224 114 242 18 0.065942
0 504 27 511 73 0.065768
97 205 110 235 73 0.065712
441 287 476 303 62 0.065695
0 495 17 511 73 0.065608
126 256 147 275 63 0.065498
92 244 114 261 17 0.064885
114 253 149 279 53 0.064738
93 249 112 266 40 0.064655
104 260 130 285 63 0.064432
116 254 132 269 60 0.064409
512 315 743 510 79 0.509139
749 502 776 512 73 0.207385
644 484 682 511 25 0.181466
645 482 680 511 27 0.158405
645 482 680 511 23 0.144398
644 486 684 511 26 0.142060
644 481 678 511 24 0.140848
643 485 683 511 89 0.139319
644 476 657 489 18 0.131088
512 311 549 350 93 0.129427
752 500 798 512 73 0.116080
644 484 682 511 73 0.115747
646 478 663 502 24 0.111658
645 479 661 495 18 0.104650
646 478 663 502 23 0.101523
644 477 657 492 23 0.097279
512 129 669 499 79 0.093393
644 481 678 511 28 0.088914
512 184 522 221 73 0.088250
644 479 670 509 60 0.088195
512 339 525 389 73 0.087751
542 319 706 439 79 0.086974
646 480 666 503 27 0.086074
645 484 683 511 91 0.085502
650 494 690 512 25 0.084024
721 488 801 511 73 0.083899
768 486 805 510 73 0.081337
647 480 666 507 25 0.080643
749 502 776 512 27 0.080450
749 502 776 512 24 0.080266
734 499 775 511 73 0.078192
741 504 768 511 73 0.078060
640 478 654 493 18 0.075537
749 502 776 512 18 0.074671
649 492 686 512 24 0.074494
655 497 682 511 18 0.071593
627 480 655 512 27 0.071563
749 502 776 512 19 0.070692
644 478 663 499 60 0.069846
649 492 686 512 28 0.069617
512 479 524 512 73 0.067483
645 495 677 512 73 0.067474
696 487 772 512 73 0.065909
643 478 668 508 73 0.064749
716 497 764 512 73 0.064416
645 495 677 512 27 0.063089
513 399 681 512 79 0.062186
646 479 664 505 28 0.061509
644 485 684 511 83 0.060953
512 308 734 508 83 0.060618
667 488 706 512 25 0.060348
645 479 661 495 27 0.060134
647 499 673 512 18 0.059749
644 477 657 492 24 0.059679
640 478 667 512 23 0.059291
680 458 762 512 73 0.058820
645 484 683 511 19 0.058731
650 494 690 512 23 0.058693
516 313 554 329 76 0.058450
512 140 521 167 73 0.058403
755 504 787 512 73 0.058331
643 477 665 504 18 0.058020
654 496 688 511 26 0.056778
641 498 673 512 24 0.056088
646 483 662 501 18 0.055183
512 324 534 383 93 0.054771
749 502 776 512 25 0.054599
626 481 655 511 24 0.054598
749 502 776 512 23 0.054181
644 478 663 499 25 0.054144
631 487 671 512 27 0.054108
645 484 683 511 18 0.053799
518 441 749 512 79 0.053452
667 488 706 512 24 0.052927
640 504 667 511 73 0.052551
663 498 690 511 18 0.052516
647 486 661 508 24 0.052469
715 479 729 495 73 0.051571
773 502 803 512 73 0.051281
512 315 766 509 76 0.050896
639 482 652 498 18 0.050882
645 481 666 505 26 0.050539
1024 52 1095 142 93 0.148164
2537 361 2556 382 73 0.859965
2505 413 2520 431 18 0.489766
2532 230 2560 272 73 0.377434
2490 256 2506 271 73 0.354350
2470 139 2519 176 73 0.271642
2484 171 2497 184 73 0.248063
2524 204 2559 258 73 0.210702
2549 164 2559 183 73 0.202332
2398 194 2413 209 73 0.192843
2513 130 2532 151 73 0.166288
2530 189 2551 210 73 0.165463
2513 331 2545 357 73 0.158644
2505 413 2520 430 23 0.157720
2398 193 2413 210 18 0.155504
2524 204 2537 218 18 0.145102
2505 413 2520 431 17 0.143468
2505 413 2520 431 20 0.131377
2547 205 2559 236 73 0.121475
2522 192 2559 244 83 0.118190
2483 236 2521 271 73 0.116526
2546 155 2559 188 73 0.116302
2472 137 2527 179 18 0.114974
2505 413 2521 431 73 0.110905
2517 196 2559 239 73 0.108170
2485 171 2497 185 72 0.105410
2538 196 2559 235 73 0.102229
2549 160 2559 183 24 0.101804
2549 160 2559 183 23 0.100830
2513 130 2532 151 24 0.099801
2537 361 2556 382 72 0.097535
2526 206 2542 220 18 0.093865
2549 160 2559 183 27 0.093370
2548 157 2559 183 25 0.091609
2513 130 2532 151 27 0.091526
2519 167 2559 253 73 0.090784
2538 132 2559 188 73 0.090781
2505 412 2520 431 21 0.087926
2549 160 2559 183 91 0.087727
2513 130 2531 151 23 0.087613
2525 189 2556 228 73 0.087336
2537 360 2556 382 71 0.086742
2530 190 2551 210 27 0.084256
2542 216 2560 258 73 0.083564
2526 204 2540 218 73 0.083267
2532 230 2559 272 72 0.082650
2401 197 2418 213 73 0.080452
2549 160 2559 183 19 0.079068
2522 216 2560 293 73 0.077978
2505 413 2520 431 60 0.076779
2398 194 2413 210 23 0.075574
2533 230 2559 271 71 0.075572
2547 141 2559 179 73 0.074606
2511 214 2536 237 73 0.073890
2552 153 2560 180 73 0.072143
2476 101 2537 147 73 0.071635
2493 133 2509 143 18 0.071065
2401 197 2418 213 18 0.070744
2549 170 2559 196 73 0.070586
2487 246 2511 273 73 0.070079
2526 199 2542 214 18 0.068242
2490 256 2506 271 18 0.068236
2534 151 2559 224 73 0.068092
2544 362 2559 384 73 0.067980
2484 172 2497 185 18 0.067832
2484 171 2497 184 27 0.066751
2483 259 2501 271 73 0.066120
2513 130 2532 151 91 0.066107
2537 360 2557 383 76 0.065939
2530 190 2551 210 24 0.065621
2549 219 2559 248 73 0.064800
2525 196 2545 214 73 0.063298
2530 189 2551 210 71 0.062974
2505 413 2520 431 26 0.062432
2511 129 2536 153 18 0.062404
2398 193 2412 209 72 0.061508
2537 361 2556 382 18 0.060719
2495 232 2541 271 73 0.060015
2451 298 2483 335 73 0.059314
2549 164 2559 183 72 0.059215
2526 204 2540 218 23 0.058918
2484 171 2497 184 71 0.058609
2465 131 2537 182 73 0.058446
2398 193 2412 209 76 0.058386
2542 116 2560 166 73 0.058309
2526 204 2540 218 24 0.057483
2398 193 2413 210 62 0.055543
2549 165 2560 184 18 0.055488
2549 160 2559 183 35 0.055385
2548 157 2559 183 89 0.054624
2535 231 2560 272 35 0.054607
2529 205 2544 220 73 0.054296
2513 130 2532 151 71 0.054263
2530 189 2551 210 91 0.054080
2540 341 2559 377 73 0.053690
2400 196 2417 213 60 0.053607
2470 139 2520 176 71 0.053312
2505 123 2559 281 73 0.053071
2525 185 2554 213 18 0.052938
2538 196 2559 235 83 0.052399
2529 190 2550 211 23 0.052074
2507 208 2547 242 73 0.051542
2549 160 2559 183 60 0.051536
2513 130 2532 151 60 0.051380
2505 412 2520 431 63 0.051006
2544 235 2559 269 73 0.050680
2472 138 2527 181 23 0.050634
2490 256 2506 271 72 0.050538
2958 0 3070 37 89 0.415769
2592 271 2610 289 72 0.346300
2560 67 2581 111 73 0.227478
2653 185 2670 201 73 0.224596
2592 271 2610 289 73 0.150804
2953 1 3070 37 55 0.108823
2592 271 2610 289 71 0.107095
2565 51 2596 81 73 0.102277
2953 1 3070 37 73 0.101413
2560 74 2572 114 73 0.099265
2653 185 2670 201 72 0.096324
2608 88 2622 101 73 0.087561
2609 89 2623 101 18 0.084849
2689 98 2701 110 18 0.077251
2653 185 2670 201 18 0.071829
2560 68 2581 110 72 0.068451
2588 95 2658 149 73 0.064551
2953 0 3069 40 51 0.063737
2648 178 2670 203 73 0.061030
2560 242 2592 278 73 0.060681
2952 0 3067 38 27 0.059476
2764 43 2777 55 73 0.058655
2653 185 2670 201 71 0.057840
2933 0 3025 41 89 0.056575
2560 69 2581 109 76 0.055642
2560 88 2569 121 73 0.054863
2560 231 2577 272 73 0.053710
2592 271 2610 289 27 0.052036
2949 11 2990 97 79 0.050404
462 622 506 662 73 0.335051
292 770 512 1023 79 0.241895
424 812 512 1018 79 0.216755
408 783 438 807 73 0.213828
501 561 512 575 18 0.162004
411 559 454 599 73 0.146942
500 582 511 617 73 0.110911
493 573 512 615 73 0.110243
499 565 512 583 18 0.104723
391 565 414 591 73 0.096308
499 565 512 583 73 0.096136
501 560 512 576 73 0.094510
317 512 503 604 79 0.088768
500 609 511 648 73 0.088275
426 824 512 1024 73 0.087609
258 1014 289 1023 73 0.085252
496 558 510 573 18 0.084725
499 565 512 583 23 0.082546
462 622 506 662 72 0.081808
431 885 473 923 73 0.080205
488 566 500 582 18 0.079874
501 560 512 576 23 0.076192
23 544 37 556 18 0.073053
504 619 512 646 73 0.072023
321 516 512 698 79 0.070525
463 929 512 1023 73 0.069934
501 512 512 530 64 0.068136
502 548 512 568 18 0.067390
498 585 511 636 73 0.065196
463 622 506 661 18 0.065085
499 568 511 597 73 0.064747
435 892 471 920 60 0.063073
472 584 484 600 18 0.062150
206 514 495 613 73 0.061654
433 956 461 979 73 0.061259
489 577 512 646 73 0.060650
438 894 470 921 24 0.060427
435 892 471 920 23 0.060197
499 565 512 583 24 0.059798
395 512 498 607 73 0.058348
269 1012 306 1023 73 0.056962
392 560 430 598 73 0.056814
448 701 462 715 18 0.056660
317 758 333 771 18 0.056591
290 1014 313 1024 73 0.056582
485 570 498 584 18 0.056047
504 582 511 607 73 0.055858
434 816 512 1014 76 0.054697
435 892 471 920 27 0.054547
424 812 512 1018 93 0.053603
497 558 512 589 73 0.053550
424 812 512 1018 54 0.053526
491 562 504 577 18 0.052848
271 1016 298 1023 73 0.052613
499 565 512 583 60 0.052186
501 560 512 576 60 0.052117
205 1013 235 1024 73 0.051871
499 565 512 583 19 0.051666
463 622 506 661 71 0.051316
480 610 512 663 73 0.050675
438 819 512 1016 77 0.050323
497 572 512 587 18 0.050229
512 828 577 1002 73 0.105682
512 831 525 846 18 0.092827
512 831 572 958 77 0.088659
844 703 876 756 73 0.085798
853 705 876 736 73 0.082232
512 831 522 851 60 0.075430
512 828 577 1002 79 0.075332
531 722 543 735 18 0.072017
849 738 864 754 73 0.071492
1009 683 1023 734 73 0.069589
784 564 798 577 18 0.067024
513 722 530 737 73 0.066137
743 512 783 539 73 0.064180
865 682 885 706 73 0.061483
515 830 528 842 18 0.061088
512 831 522 851 63 0.060104
970 865 984 880 18 0.060007
512 512 643 818 79 0.058618
844 704 877 758 27 0.057702
844 705 875 759 71 0.057250
625 904 636 917 18 0.056780
512 830 522 850 23 0.055731
842 704 876 762 91 0.054431
512 832 521 857 64 0.051758
843 705 877 758 72 0.051516
512 831 519 852 18 0.050244
1501 1013 1536 1023 73 0.100322
1144 962 1176 993 73 0.096535
1197 1009 1249 1024 73 0.092256
1162 959 1175 971 18 0.086099
1162 959 1175 971 73 0.072342
1162 1015 1188 1023 18 0.058897
1162 1016 1187 1023 73 0.058168
2526 732 2541 742 73 0.124595
2528 729 2546 740 73 0.057021
2654 666 2684 702 73 0.763169
2609 674 2650 729 73 0.748340
2632 633 2651 655 73 0.710776
2642 649 2661 671 73 0.541134
2611 630 2630 647 73 0.431613
2578 654 2601 678 73 0.422900
2960 512 3070 549 89 0.401991
2593 638 2608 654 73 0.382088
2618 648 2629 665 18 0.331305
2603 618 2630 647 73 0.262398
2682 672 2697 687 73 0.260167
2590 674 2613 697 73 0.233641
2624 619 2645 639 73 0.224491
2609 674 2650 729 71 0.216638
2619 642 2645 676 73 0.176803
2577 654 2601 678 71 0.158014
2613 649 2625 664 18 0.149876
2625 625 2649 652 73 0.147852
2578 655 2602 678 27 0.144691
2616 632 2635 651 73 0.144394
2660 658 2699 701 73 0.144359
2624 636 2647 662 73 0.143776
2592 675 2611 697 27 0.138395
2578 654 2601 678 72 0.133595
2621 639 2638 659 73 0.124410
2609 673 2651 729 89 0.123612
2673 659 2699 688 73 0.118068
2642 650 2661 671 71 0.116330
2592 615 2635 652 73 0.115807
2614 617 2641 643 73 0.115587
2595 684 2625 719 73 0.115568
2609 674 2650 729 76 0.113503
2642 649 2661 671 72 0.111903
2635 638 2657 665 73 0.111323
2594 671 2635 731 73 0.107623
2955 513 3070 549 55 0.107178
2734 851 2810 923 93 0.106825
2593 638 2608 654 72 0.102811
2578 655 2601 679 35 0.101852
2592 674 2611 697 91 0.099737
2632 633 2651 655 71 0.099604
2673 672 2693 690 73 0.099250
2620 643 2632 661 73 0.098680
2592 675 2611 697 35 0.098568
2593 639 2608 654 18 0.098071
2609 674 2651 729 72 0.097919
2592 675 2611 697 71 0.095328
2632 633 2651 655 72 0.094854
2613 718 2625 731 18 0.094220
2611 629 2649 678 73 0.093336
2619 647 2630 664 17 0.092359
2955 513 3070 549 73 0.092059
2609 706 2624 717 18 0.089230
2616 649 2652 709 73 0.087701
2599 616 2625 638 73 0.085056
2601 632 2627 651 73 0.084918
2620 642 2637 664 18 0.084025
2609 673 2651 729 27 0.082180
2618 648 2629 665 73 0.080816
2592 678 2616 711 73 0.080460
2654 665 2685 703 18 0.079076
2619 647 2630 664 23 0.078876
2632 633 2651 655 18 0.078609
2655 668 2685 702 71 0.074569
2578 655 2601 679 91 0.073693
2609 673 2651 729 23 0.072468
2575 649 2619 699 73 0.072051
2624 628 2661 673 73 0.071802
2619 647 2630 664 21 0.071714
2682 672 2697 687 71 0.071592
2617 648 2629 664 20 0.071122
2779 868 2808 897 73 0.070933
2600 614 2629 644 71 0.070607
2593 638 2608 654 71 0.068052
2642 650 2661 671 18 0.067316
2682 672 2697 687 72 0.067054
2674 678 2689 692 73 0.066051
2611 631 2630 647 18 0.065484
2655 667 2683 702 27 0.065362
2655 667 2684 702 72 0.064829
2609 706 2624 717 24 0.064553
2590 633 2615 653 73 0.063739
2955 512 3069 552 51 0.063486
2578 654 2602 679 23 0.062898
2577 652 2594 664 73 0.062856
2632 645 2663 674 73 0.062808
2594 631 2608 649 73 0.062755
2619 689 2648 726 73 0.062676
2615 629 2645 660 73 0.062415
2647 651 2668 672 73 0.062094
2592 674 2611 697 72 0.062039
2588 639 2612 658 73 0.061780
2597 647 2622 676 73 0.061525
2610 711 2627 730 18 0.060402
2618 624 2638 648 73 0.060237
2609 673 2651 729 91 0.059791
2645 670 2669 704 73 0.059328
2614 645 2632 667 18 0.058347
2561 594 2671 741 76 0.058201
2601 617 2642 674 73 0.058144
2667 668 2692 701 73 0.057772
2643 642 2663 666 73 0.057650
2642 650 2661 671 27 0.057628
2578 654 2602 679 18 0.056137
2572 640 2606 660 73 0.054973
2596 620 2627 666 73 0.054517
2955 513 3070 549 27 0.054480
2593 638 2608 654 27 0.054336
2593 637 2608 654 24 0.053967
2578 654 2602 679 24 0.053872
2608 637 2639 669 73 0.053824
2618 648 2629 665 60 0.053577
2615 642 2630 660 18 0.053373
2625 642 2643 656 73 0.053283
2578 654 2602 679 89 0.053221
2618 648 2629 665 24 0.053191
2600 614 2629 644 72 0.052951
2578 655 2602 678 86 0.052079
2600 614 2629 644 76 0.052049
2580 656 2608 687 73 0.052039
2592 674 2611 697 24 0.052025
2935 512 3025 553 89 0.051634
2619 621 2636 638 73 0.051054
2630 625 2649 642 73 0.050497
2616 638 2634 664 73 0.050289
2609 673 2651 729 18 0.050269
495 1024 512 1060 73 0.163830
481 1024 511 1074 73 0.161375
57 1431 76 1441 18 0.098003
206 1340 218 1352 73 0.089351
488 1052 504 1063 18 0.086876
488 1024 512 1035 73 0.077707
500 1030 511 1068 73 0.072275
486 1049 498 1062 18 0.069631
493 1051 509 1064 18 0.069588
445 1284 475 1320 73 0.066371
57 1430 76 1440 73 0.064498
476 1024 512 1072 83 0.063043
397 1505 436 1529 73 0.054610
0 1415 41 1441 86 0.053580
1013 1156 1024 1183 73 0.204383
512 1024 553 1068 73 0.188441
512 1024 552 1065 72 0.086206
512 1335 618 1477 73 0.070774
554 1441 572 1458 73 0.066816
643 1311 679 1338 73 0.064236
622 1216 684 1259 93 0.062613
1012 1155 1024 1184 72 0.060640
512 1024 551 1064 71 0.059080
1013 1155 1024 1184 93 0.054356
1013 1155 1024 1184 86 0.052396
512 1026 537 1091 73 0.051170
1078 1024 1178 1051 73 0.285518
1078 1024 1178 1051 77 0.151495
1080 1024 1179 1051 83 0.061661
1078 1024 1178 1051 86 0.053773
1623 1183 1690 1256 93 0.671690
1656 1282 1726 1356 93 0.593753
1623 1184 1690 1257 54 0.141715
1623 1183 1690 1256 55 0.092779
1623 1183 1690 1256 94 0.088091
1655 1284 1725 1355 86 0.086285
1624 1182 1690 1256 59 0.073731
1655 1284 1725 1355 94 0.067519
2106 1282 2152 1364 59 0.064394
2958 1024 3070 1061 89 0.420397
2953 1025 3070 1061 55 0.109112
2876 1416 2926 1471 89 0.102877
2953 1025 3070 1061 73 0.096947
2953 1024 3069 1065 51 0.067790
2929 1024 3023 1064 89 0.065632
2953 1025 3070 1061 27 0.056830
272 1581 356 1641 73 0.247875
132 1538 183 1560 73 0.173897
246 1756 263 1766 18 0.142997
299 1593 346 1631 73 0.117145
157 1540 180 1555 73 0.116439
308 1671 339 1705 73 0.099644
392 1571 416 1593 63 0.093040
269 1583 331 1626 73 0.091659
126 2035 150 2048 73 0.085882
341 1629 378 1676 73 0.085822
250 1700 286 1736 86 0.078391
271 1582 356 1642 76 0.067173
291 1642 310 1683 73 0.066495
268 1780 285 1792 18 0.065793
457 1637 489 1686 73 0.065119
252 1588 348 1699 73 0.064774
211 1536 359 1636 73 0.064236
304 1677 319 1693 73 0.062058
308 1671 339 1705 71 0.061203
275 1585 312 1617 73 0.059993
255 1597 343 1732 54 0.056028
132 1538 183 1560 77 0.055430
244 1758 260 1770 18 0.055020
391 1570 416 1594 62 0.054060
577 1619 643 1695 93 0.713298
556 1609 651 1700 59 0.099602
562 1631 618 1704 93 0.066816
556 1609 651 1700 54 0.066779
556 1609 651 1700 55 0.064729
550 1579 645 1704 93 0.061190
1536 1536 1581 1552 86 0.051469
2546 2017 2559 2047 73 0.069830
2396 1964 2410 1976 18 0.052243
2541 2035 2559 2047 19 0.051992
2958 1536 3070 1573 89 0.357373
2953 1537 3070 1573 55 0.104677
2953 1537 3070 1573 73 0.103149
2560 1898 2682 2048 79 0.098198
2955 1536 3070 1576 51 0.057683
2953 1537 3070 1573 27 0.054109
2561 1895 2667 2048 73 0.053650
2575 1927 2601 1951 73 0.053418
315 2206 339 2229 73 0.302838
453 2429 512 2473 73 0.111654
166 2316 181 2328 73 0.071240
315 2206 338 2229 72 0.065021
452 2430 512 2473 93 0.064848
315 2206 339 2229 71 0.059987
200 2199 213 2213 18 0.056951
315 2206 339 2229 76 0.056647
315 2206 339 2229 77 0.052972
169 2318 183 2330 73 0.052102
703 2463 747 2499 76 0.237063
703 2462 747 2499 72 0.210100
703 2462 747 2499 73 0.146642
703 2462 747 2499 71 0.115116
822 2429 941 2493 73 0.067778
819 2419 941 2498 79 0.055559
2012 2470 2048 2559 13 0.073463
2013 2470 2048 2560 73 0.070975
2014 2350 2048 2433 13 0.070756
1973 2048 2047 2074 73 0.065332
1973 2048 2047 2072 77 0.055707
2013 2470 2048 2560 83 0.051249
2012 2469 2048 2560 89 0.050031
2962 2048 3070 2085 89 0.397620
2944 2064 2985 2157 79 0.147988
2956 2048 3070 2084 55 0.105525
2956 2048 3070 2084 73 0.097121
2560 2469 2602 2560 73 0.068842
2957 2048 3070 2088 51 0.058772
2956 2048 3067 2086 27 0.058081
2560 2468 2603 2560 83 0.058013
2560 2468 2603 2560 89 0.056187
2560 2472 2604 2560 13 0.055536
2925 2048 3025 2085 89 0.053540
2944 2473 2985 2559 73 0.050330
0 2801 91 3072 73 0.200869
66 2746 148 2821 36 0.164798
0 2790 129 3072 83 0.117500
64 2742 147 2820 93 0.116135
0 2792 184 3072 73 0.109650
69 2743 147 2822 37 0.093741
494 2785 508 2816 47 0.092404
0 2807 84 3050 89 0.090317
65 2748 147 2821 35 0.085408
0 2801 91 3072 74 0.075653
1 2795 111 3072 77 0.073820
499 2782 511 2817 59 0.073153
499 2782 511 2817 47 0.070353
492 2791 503 2815 47 0.068790
494 2785 508 2816 59 0.067462
66 2747 147 2821 38 0.066775
66 2746 148 2821 28 0.063675
494 2783 509 2817 57 0.059112
313 2587 329 2606 73 0.058080
68 2752 148 2819 32 0.056955
66 2747 147 2820 59 0.056350
65 2748 147 2821 64 0.055825
66 2747 147 2821 54 0.054886
0 2781 58 2996 73 0.051438
0 2793 88 3072 13 0.050417
512 2759 525 2783 23 0.175301
512 2759 526 2783 53 0.143911
512 2759 525 2783 19 0.142759
512 2795 602 3072 73 0.119647
512 2605 549 2633 73 0.109323
512 2606 548 2634 72 0.106397
512 2759 525 2783 28 0.105269
579 2792 617 2811 73 0.101151
512 2759 526 2783 32 0.096579
579 2792 617 2811 76 0.091632
512 2759 698 3072 73 0.090009
512 2604 549 2633 76 0.089284
512 2758 525 2782 73 0.088977
512 2759 525 2783 25 0.087651
512 2760 525 2783 64 0.082600
512 2760 526 2782 62 0.082571
512 2758 652 3072 83 0.081622
512 2816 595 3071 89 0.080418
535 2695 621 2747 93 0.079888
512 2760 525 2783 27 0.074923
512 2759 525 2783 24 0.071332
512 2766 660 3069 77 0.061415
612 2753 673 2809 45 0.061256
512 2759 526 2783 59 0.060818
512 2759 525 2783 18 0.057309
512 2759 526 2783 66 0.056059
512 2813 597 3072 83 0.055325
512 2605 548 2633 71 0.052796
512 2759 525 2783 29 0.051551
512 2806 606 3072 74 0.050281
1125 2783 1143 2793 18 0.201740
1043 2788 1146 2824 73 0.161959
1045 2788 1154 2824 45 0.155478
1024 2800 1112 3072 73 0.138221
1024 2800 1112 3072 83 0.138188
1045 2788 1154 2824 76 0.136981
1045 2788 1154 2824 61 0.127121
1043 2788 1146 2824 89 0.097909
1046 2786 1169 2824 47 0.096189
1046 2786 1169 2824 53 0.087182
1043 2788 1146 2824 27 0.084106
1024 2797 1215 3071 73 0.080086
1075 2785 1197 2823 23 0.076127
1045 2788 1154 2824 59 0.073343
1046 2786 1169 2824 62 0.071547
1039 2786 1142 2825 77 0.067911
1045 2788 1154 2824 71 0.067583
1194 2745 1214 2754 18 0.066362
1026 2794 1535 3072 79 0.065433
1024 2797 1215 3071 83 0.062816
1497 2720 1536 2825 83 0.061566
1043 2788 1146 2824 23 0.060722
1075 2785 1197 2823 89 0.059089
1094 2785 1199 2821 53 0.056399
1054 2785 1191 2824 50 0.054340
1075 2785 1197 2823 45 0.054162
1054 2785 1191 2824 60 0.053765
1068 2803 1083 2816 18 0.053252
1225 2731 1240 2743 18 0.053141
1046 2786 1169 2824 32 0.053139
1046 2786 1169 2824 41 0.052365
1054 2785 1191 2824 63 0.050150
1537 2765 1620 3072 73 0.121761
1537 2765 1620 3072 83 0.099418
1536 2763 1728 3072 73 0.070236
1538 2790 1965 3071 79 0.068549
1536 2644 1576 2737 73 0.064819
1536 2749 1681 3072 77 0.058688
1536 2822 1620 3072 89 0.055227
1536 2782 1752 3072 79 0.050133
2048 2659 2488 3072 79 0.097057
2048 2758 2134 3072 73 0.095611
2048 2814 2130 3069 89 0.082596
2048 2737 2241 3072 73 0.080701
2467 2560 2560 2584 73 0.075226
2472 2560 2560 2582 77 0.067411
2048 2715 2195 3072 83 0.060064
2048 2821 2131 3072 79 0.054915
2048 2715 2195 3072 77 0.052974
2467 2560 2560 2584 83 0.052075
2959 2560 3071 2597 89 0.408633
2953 2561 3071 2597 73 0.101030
2560 2755 2646 3072 73 0.100655
2953 2561 3071 2597 55 0.099418
2560 2815 2643 3069 89 0.077984
2561 2739 2749 3072 73 0.065844
2955 2560 3070 2601 51 0.063386
2560 2733 2695 3072 83 0.062171
2953 2560 3069 2598 27 0.058497
2560 2672 3012 3071 79 0.053964
2560 2822 2643 3072 79 0.052183
